15 48 15
7 55 2
8 96 39
x 
x 
4 76 22
x 
5 98 6
6 30 15
x 
6 68 24
15 84 27
x 
12 36 4
0 79 17
x 
8 90 37
10 59 42
7 24 39
x 
8 18 20
x 
x 
0 31 6
10 54 41
7 33 41
14 82 39
x 
4 64 19
x 
15 78 25
7 50 1
15 97 33
13 79 7
4 61 18
9 43 10
x 
x 
x 
x 
13 72 5
1 5 23
x 
13 68 4
6 6 9
12 13 41
4 34 11
x 
13 18 31
9 38 8
0 36 7
x 
11 98 36
x 
13 15 30
x 
6 25 14
5 10 30
3 34 30
0 11 2
1 67 37
x 
x 
x 
10 30 35
9 31 6
3 46 34
4 94 26
15 38 12
4 38 12
11 85 32
x 
11 82 31
12 68 12
14 58 34
x 
13 62 2
4 99 27
15 32 10
10 87 5
11 79 30
11 55 23
13 58 1
14 56 33
x 
x 
0 48 10
14 51 32
x 
0 52 11
8 37 25
14 99 43
7 4 34
3 10 25
14 26 22
14 44 29
12 63 11
x 
15 72 23
5 49 38
14 42 28
x 
1 0 22
x 
x 
5 84 3
13 56 0
13 12 29
x 
0 84 18
7 65 4
x 
x 
1 77 39
0 74 16
x 
x 
7 40 43
15 27 9
1 10 24
1 92 42
x 
11 46 21
1 82 40
2 0 0
12 85 19
12 99 24
11 41 20
6 55 21
12 81 17
x 
x 
0 0 0
14 40 27
2 71 16
5 35 35
2 47 10
1 60 35
x 
8 87 36
15 25 8
13 6 27
15 69 22
x 
5 25 33
5 45 37
11 33 18
x 
x 
2 29 6
x 
13 3 26
x 
2 58 13
2 67 15
12 3 38
x 
x 
9 78 20
12 0 37
x 
1 87 41
x 
9 75 19
11 96 35
6 42 18
x 
x 
7 83 10
x 
13 49 42
8 76 33
14 38 26
x 
x 
x 
5 20 32
x 
5 93 5
3 5 24
3 85 1
0 57 12
5 57 40
7 80 9
6 93 31
8 72 32
x 
4 53 16
9 66 16
x 
x 
15 95 32
x 
5 65 42
x 
13 0 25
x 
4 5 5
3 38 32
10 73 1
x 
3 42 33
7 45 0
7 90 12
13 42 40
x 
x 
10 69 0
x 
x 
x 
x 
15 15 5
x 
x 
12 77 15
12 75 14
10 0 27
x 
1 97 43
14 21 20
6 12 11
0 43 9
x 
x 
7 8 35
13 40 39
15 11 4
5 61 41
11 26 16
14 16 19
x 
2 49 11
13 38 38
x 
x 
3 73 42
x 
2 5 1
x 
15 93 31
9 72 18
14 11 18
2 95 22
2 62 14
8 80 34
9 84 22
5 39 36
12 96 23
11 88 33
1 33 29
3 65 39
x 
10 77 2
10 99 8
x 
11 60 24
2 15 3
x 
14 6 17
9 51 12
5 77 1
9 47 11
x 
13 36 37
15 9 3
11 74 28
9 20 3
13 24 33
x 
x 
x 
15 4 2
x 
2 25 5
15 57 18
x 
x 
x 
3 62 38
9 35 7
10 81 3
7 74 7
12 16 42
x 
1 38 30
7 77 8
x 
x 
x 
7 98 14
x 
4 68 20
15 91 30
12 10 40
0 26 5
15 2 1
5 53 39
11 9 12
13 92 11
x 
x 
10 96 7
x 
5 69 43
9 93 24
2 10 2
5 88 4
7 28 40
9 90 23
1 62 36
x 
12 87 20
15 53 17
x 
2 43 9
12 30 2
x 
13 89 10
x 
1 72 38
4 24 9
2 90 21
x 
8 92 38
2 86 20
x 
9 24 4
x 
13 87 9
8 58 29
12 22 0
0 94 20
12 42 6
x 
7 35 42
4 41 13
7 94 13
x 
12 39 5
4 49 15
15 89 29
6 20 13
x 
4 10 6
x 
11 68 26
0 99 21
6 79 27
10 35 36
8 68 31
15 50 16
0 16 3
15 87 28
9 63 15
6 90 30
10 18 32
10 83 4
4 89 25
10 40 38
14 92 41
6 46 19
x 
15 81 26
12 45 7
x 
7 0 33
12 83 18
x 
3 90 2
13 98 14
0 21 4
x 
10 45 39
1 28 28
11 71 27
9 0 41
10 24 33
x 
8 52 28
6 64 23
1 15 25
7 60 3
13 53 43
3 53 36
x 
2 78 18
2 20 4
x 
3 58 37
9 11 0
x 
12 26 1
x 
11 6 11
14 94 42
9 99 26
13 28 35
12 53 9
15 66 21
x 
0 67 14
15 34 11
14 74 37
9 69 17
15 60 19
11 50 22
x 
15 46 14
6 76 26
1 25 27
11 92 34
9 96 25
x 
9 3 42
10 5 28
7 16 37
14 36 25
6 38 17
6 8 10
3 24 28
3 0 23
x 
9 14 1
x 
15 42 13
x 
5 15 31
1 49 33
10 37 37
8 24 22
11 18 14
0 72 15
0 41 8
2 34 7
0 5 1
8 47 27
x 
12 7 39
6 0 7
7 68 5
14 31 24
x 
5 5 29
11 28 17
9 41 9
9 55 13
x 
10 64 43
x 
12 58 10
9 60 14
2 39 8
8 84 35
x 
x 
1 45 32
x 
4 20 8
14 64 35
7 86 11
8 32 24
x 
8 99 40
10 27 34
7 12 36
x 
x 
x 
13 83 8
11 64 25
x 
x 
12 48 8
x 
x 
x 
13 32 36
x 
x 
9 17 2
8 21 21
x 
3 15 26
15 99 34
5 30 34
5 0 28
x 
9 81 21
6 87 29
x 
x 
14 46 30
14 48 31
4 84 24
11 3 10
x 
3 19 27
5 73 0
x 
x 
13 21 32
x 
11 22 15
3 71 41
13 26 34
x 
4 57 17
11 0 9
14 23 21
x 
4 72 21
2 53 12
4 15 7
15 0 0
13 96 13
x 
8 42 26
6 96 32
0 89 19
1 55 34
6 16 12
6 4 8
10 49 40
x 
x 
10 16 31
12 92 22
x 
x 
x 
x 
4 80 23
x 
x 
6 34 16
13 94 12
12 33 3
12 79 16
x 
14 0 15
10 13 30
x 
x 
x 
x 
x 
15 21 7
13 66 3
7 71 6
14 87 40
x 
3 36 31
4 29 10
9 28 5
x 
x 
3 95 3
0 62 13
12 90 21
15 19 6
13 9 28
x 
x 
x 
6 84 28
13 76 6
1 40 31
x 
x 
6 51 20
x 
8 9 17
9 7 43
4 0 4
7 20 38
3 29 29
x 
15 63 20
x 
15 75 24
x 
14 77 38
1 20 26
8 0 15
11 14 13
2 74 17
8 15 19
11 37 19
x 
x 
8 63 30
8 4 16
x 
12 19 43
x 
x 
14 28 23
8 12 18
x 
x 
13 46 41
2 82 19
8 27 23
x 
5 81 2
10 91 6
6 72 25
x 
3 77 43
3 67 40
6 60 22
10 10 29
14 3 16
x 
3 50 35
x 
x 
14 69 36
3 81 0
x 
12 73 13
x 
11 77 29
4 45 14
